timestamps:
  login: 1391864193697
  logout: 1391864258697
ipAddress: 192.168.1.128
lastlocation:
  world: world
  x: 8.5
  y: 65.0
  z: 254.5
  yaw: 0.0
  pitch: 0.0
logoutlocation:
  world: world
  x: 14.424354276141262
  y: 73.0
  z: 102.93488596062105
  yaw: -171.00017
  pitch: 19.800013
