timestamps:
  login: 1391869318648
  logout: 1391869378697
ipAddress: 192.168.1.128
lastlocation:
  world: world
  x: 7.5
  y: 61.0
  z: 246.5
  yaw: 0.0
  pitch: 0.0
logoutlocation:
  world: world
  x: 23.69999998807907
  y: 74.0
  z: 253.13749998807907
  yaw: -262.1999
  pitch: -17.400005
