timestamps:
  login: 1391863291297
  logout: 1391863468697
  lastteleport: 1391863394452
ipAddress: 192.168.1.145
lastlocation:
  world: world
  x: -31.599846432847563
  y: 83.64438325432495
  z: 44.25696216310517
  yaw: -83.85015
  pitch: -16.499926
logoutlocation:
  world: world
  x: 3.1295633005890684
  y: 64.0
  z: 251.22914845134602
  yaw: 96.749825
  pitch: 6.149982
