timestamps:
  login: 1391861861447
  logout: 1391862058697
ipAddress: 192.168.1.189
lastlocation:
  world: world
  x: 16.5
  y: 70.0
  z: 261.5
  yaw: 0.0
  pitch: 0.0
logoutlocation:
  world: world
  x: 19.8263949811005
  y: 82.20000004768366
  z: 253.2262802244412
  yaw: 100.95044
  pitch: 81.149994
