timestamps:
  login: 1391877779416
  logout: 1391877848495
ipAddress: 192.168.1.67
lastlocation:
  world: world
  x: 9.5
  y: 57.0
  z: 242.5
  yaw: 0.0
  pitch: 0.0
logoutlocation:
  world: world
  x: 7.0521311212569495
  y: 74.0
  z: 193.13957506517963
  yaw: 313.35162
  pitch: 48.009346
