timestamps:
  login: 1391860058997
  logout: 1391860206197
ipAddress: 192.168.1.106
lastlocation:
  world: world
  x: 20.5
  y: 85.0
  z: 255.5
  yaw: 0.0
  pitch: 0.0
logoutlocation:
  world: world
  x: 129.47729000329707
  y: 70.38592053802722
  z: 327.4069135493653
  yaw: 256.95
  pitch: 40.800003
