timestamps:
  login: 1391878205833
  logout: 1391878360433
ipAddress: 192.168.1.55
lastlocation:
  world: world
  x: 9.5
  y: 66.0
  z: 256.5
  yaw: 0.0
  pitch: 0.0
logoutlocation:
  world: world
  x: 11.559162044470398
  y: 73.88704047523454
  z: 254.3000000119209
  yaw: 143.49707
  pitch: 32.38619
