timestamps:
  login: 1391868426397
  logout: 1391868478697
ipAddress: 192.168.1.40
logoutlocation:
  world: world
  x: 119.7769985762518
  y: 112.3643559654544
  z: 631.5525216965328
  yaw: 93.14863
  pitch: -3.149999
lastlocation:
  world: world
  x: 41.633818070186614
  y: 74.0
  z: 253.17948450440898
  yaw: 269.87308
  pitch: -2.2798734
