timestamps:
  login: 1391859400897
  logout: 1391859446197
ipAddress: 192.168.1.98
lastlocation:
  world: world
  x: 12.5
  y: 70.0
  z: 250.5
  yaw: 0.0
  pitch: 0.0
logoutlocation:
  world: world
  x: 8.311745301685328
  y: 66.0
  z: 253.18868134131222
  yaw: 252.30006
  pitch: 39.44998
