timestamps:
  login: 1391877779559
  logout: 1391877804262
ipAddress: 192.168.1.240
lastlocation:
  world: world
  x: 189.67957581256985
  y: 63.0
  z: 275.27266856189885
  yaw: -7.570083
  pitch: 19.039427
logoutlocation:
  world: world
  x: 189.76249998807907
  y: 64.0
  z: -4.40996671288463
  yaw: -86.26038
  pitch: 58.344055
