timestamps:
  login: 1391869986898
  logout: 1391870056197
ipAddress: 192.168.1.233
lastlocation:
  world: world
  x: 6.5
  y: 65.0
  z: 255.5
  yaw: 0.0
  pitch: 0.0
logoutlocation:
  world: world
  x: -9.635433894356908
  y: 66.0
  z: 254.1763225251614
  yaw: 132.00003
  pitch: 13.5000105
