timestamps:
  login: 1391862699847
  logout: 1391862746197
ipAddress: 192.168.1.215
lastlocation:
  world: world
  x: 13.5
  y: 70.0
  z: 252.5
  yaw: 0.0
  pitch: 0.0
logoutlocation:
  world: world
  x: 22.13749998807907
  y: 74.91953195873091
  z: 250.0294305256946
  yaw: 315.14978
  pitch: 29.849998
