timestamps:
  login: 1391877754377
  logout: 1391877739566
ipAddress: 192.168.1.41
lastlocation:
  world: world
  x: 13.5
  y: 69.0
  z: 255.5
  yaw: 0.0
  pitch: 0.0
logoutlocation:
  world: world
  x: -62.53183813659345
  y: 58.20323622350353
  z: 174.21213082669198
  yaw: -58.049767
  pitch: 6.4500246
