timestamps:
  login: 1391864826797
  logout: 1391864903698
ipAddress: 192.168.1.116
lastlocation:
  world: world
  x: 21.5
  y: 85.0
  z: 250.5
  yaw: 0.0
  pitch: 0.0
logoutlocation:
  world: world
  x: -33.69999998807907
  y: 66.69053679499041
  z: 285.4588392075477
  yaw: -345.94604
  pitch: -29.1936
