timestamps:
  login: 1391866374448
  logout: 1391866381197
ipAddress: 192.168.1.202
lastlocation:
  world: world
  x: 10.5
  y: 60.0
  z: 243.5
  yaw: 0.0
  pitch: 0.0
logoutlocation:
  world: world
  x: 11.346709301724278
  y: 76.1230047079385
  z: 251.65021322646353
  yaw: -279.30405
  pitch: 43.050232
