timestamps:
  login: 1391869541597
  logout: 1391869548697
ipAddress: 192.168.1.35
lastlocation:
  world: world
  x: 18.5
  y: 73.0
  z: 250.5
  yaw: 0.0
  pitch: 0.0
logoutlocation:
  world: world
  x: -30.7611855415553
  y: 83.23826706309413
  z: 193.8213819937064
  yaw: -129.15048
  pitch: 57.15001
