timestamps:
  login: 1391860097297
  logout: 1391860103697
ipAddress: 192.168.1.112
lastlocation:
  world: world
  x: 18.5
  y: 77.0
  z: 254.5
  yaw: 0.0
  pitch: 0.0
logoutlocation:
  world: world
  x: 9.27099192882264
  y: 80.27236153279
  z: 218.15674825501748
  yaw: 183.63985
  pitch: 66.31126
