timestamps:
  login: 1391866418147
  logout: 1391866468697
ipAddress: 192.168.1.22
lastlocation:
  world: world
  x: 17.5
  y: 69.0
  z: 259.5
  yaw: 0.0
  pitch: 0.0
logoutlocation:
  world: world
  x: -1.8486039429529626
  y: 65.0
  z: 256.8863570250013
  yaw: 54.067253
  pitch: 8.601604
