timestamps:
  login: 1391868542097
  logout: 1391868596197
ipAddress: 192.168.1.58
lastlocation:
  world: world
  x: 18.5
  y: 68.0
  z: 243.5
  yaw: 0.0
  pitch: 0.0
logoutlocation:
  world: world
  x: 98.87909603313706
  y: 77.0
  z: 320.30000001192093
  yaw: -251.32855
  pitch: 35.110413
