timestamps:
  login: 1391867536847
  logout: 1391867843697
ipAddress: 192.168.1.103
lastlocation:
  world: world
  x: 4.5
  y: 54.0
  z: 242.5
  yaw: 0.0
  pitch: 0.0
logoutlocation:
  world: world
  x: 18.10938554404265
  y: 72.0
  z: 251.61758312245018
  yaw: -306.15106
  pitch: 18.899979
