timestamps:
  login: 1391866865247
  logout: 1391867063697
  lastteleport: 1391867046705
ipAddress: 192.168.1.226
lastlocation:
  world: world
  x: 10.69452312713708
  y: 67.0
  z: 251.79657536893052
  yaw: 79.350204
  pitch: 36.750015
logoutlocation:
  world: world
  x: 10.814823060674541
  y: 72.77882177174305
  z: 250.41528776212795
  yaw: -93.29999
  pitch: 6.4499984
