timestamps:
  login: 1391861744848
  logout: 1391861758697
ipAddress: 192.168.1.167
lastlocation:
  world: world
  x: 19.5
  y: 72.0
  z: 251.5
  yaw: 0.0
  pitch: 0.0
logoutlocation:
  world: world
  x: 21.25212748426658
  y: 89.11505636363466
  z: 279.5171899506398
  yaw: 36.14978
  pitch: 48.15003
