timestamps:
  login: 1391865719148
  logout: 1391865731197
ipAddress: 192.168.1.27
logoutlocation:
  world: world
  x: 15.670207367002536
  y: 82.528821497781
  z: 254.25553266912286
  yaw: -1.7291299
  pitch: 30.299976
