timestamps:
  login: 1391096513525
  logout: 1391096531870
ipAddress: 81.232.28.216
logoutlocation:
  world: world
  x: 23.32950352172376
  y: 80.0
  z: 253.42164451731554
  yaw: -266.18124
  pitch: 6.8999677
