timestamps:
  login: 1391869096347
  logout: 1391869118698
ipAddress: 192.168.1.159
lastlocation:
  world: world
  x: 20.5
  y: 85.0
  z: 254.5
  yaw: 0.0
  pitch: 0.0
logoutlocation:
  world: world
  x: 14.605608241179818
  y: 72.0
  z: 253.19931175614957
  yaw: 150.99173
  pitch: 55.336555
