timestamps:
  login: 1391863715747
  logout: 1391863728697
ipAddress: 192.168.1.147
lastlocation:
  world: world
  x: 14.5
  y: 70.0
  z: 255.5
  yaw: 0.0
  pitch: 0.0
logoutlocation:
  world: world
  x: 35.46713790336976
  y: 84.30248918453277
  z: 271.5407738676857
  yaw: -113.699974
  pitch: 18.899996
