timestamps:
  login: 1391868658098
  logout: 1391868668697
ipAddress: 192.168.1.191
lastlocation:
  world: world
  x: 19.5
  y: 75.0
  z: 254.5
  yaw: 0.0
  pitch: 0.0
logoutlocation:
  world: world
  x: -8.481989647211655
  y: 65.0
  z: 261.76646013801883
  yaw: -294.64606
  pitch: 10.061096
