timestamps:
  login: 1391865063997
  logout: 1391865096198
ipAddress: 192.168.1.42
lastlocation:
  world: world
  x: 9.5
  y: 66.0
  z: 256.5
  yaw: 0.0
  pitch: 0.0
logoutlocation:
  world: world
  x: 91.6431423656627
  y: 130.10340454747762
  z: 241.65259968539024
  yaw: 259.5001
  pitch: 62.400017
