timestamps:
  login: 1391866699698
  logout: 1391866798697
ipAddress: 192.168.1.178
lastlocation:
  world: world
  x: 13.5
  y: 63.0
  z: 244.5
  yaw: 0.0
  pitch: 0.0
logoutlocation:
  world: world
  x: 32.83800257795184
  y: 99.99794102098092
  z: 235.54136491544398
  yaw: 21.300018
  pitch: 55.350006
