timestamps:
  login: 1391863881098
  logout: 1391864511198
ipAddress: 192.168.1.194
lastlocation:
  world: world
  x: 14.5
  y: 70.0
  z: 257.5
  yaw: 0.0
  pitch: 0.0
logoutlocation:
  world: world
  x: 27.74435514750167
  y: 74.0
  z: 253.65721642377116
  yaw: 118.650696
  pitch: 42.45001
