timestamps:
  login: 1391859461097
  logout: 1391859583697
ipAddress: 192.168.1.84
lastlocation:
  world: world
  x: 5.5
  y: 65.0
  z: 257.5
  yaw: 0.0
  pitch: 0.0
logoutlocation:
  world: world
  x: -4.920034559099562
  y: 72.73829340934753
  z: 200.2371300179935
  yaw: 79.40219
  pitch: 32.55001
