timestamps:
  login: 1391867348097
  logout: 1391867388697
ipAddress: 192.168.1.65
lastlocation:
  world: world
  x: 20.5
  y: 85.0
  z: 259.5
  yaw: 0.0
  pitch: 0.0
logoutlocation:
  world: world
  x: 2.80110777002446
  y: 65.0
  z: 254.07792217371218
  yaw: 242.10059
  pitch: 40.350002
