timestamps:
  login: 1391862759047
  logout: 1391862811197
ipAddress: 192.168.1.152
lastlocation:
  world: world
  x: 13.5
  y: 71.0
  z: 250.5
  yaw: 0.0
  pitch: 0.0
logoutlocation:
  world: world
  x: -19.16302220127484
  y: 76.49728001520432
  z: 262.1037203951503
  yaw: 57.13908
  pitch: 31.3344
