timestamps:
  login: 1391864249597
  logout: 1391864626197
ipAddress: 192.168.1.120
lastlocation:
  world: world
  x: 16.5
  y: 64.0
  z: 243.5
  yaw: 0.0
  pitch: 0.0
logoutlocation:
  world: world
  x: 2.665604366766873
  y: 65.0
  z: 254.66584040845305
  yaw: -291.45032
  pitch: 31.650023
