timestamps:
  login: 1391868308748
  logout: 1391868328698
ipAddress: 192.168.1.53
lastlocation:
  world: world
  x: 22.5
  y: 85.0
  z: 251.5
  yaw: 0.0
  pitch: 0.0
logoutlocation:
  world: world
  x: 12.751069051509422
  y: 70.4187413913673
  z: 422.60151788236226
  yaw: -22.80012
  pitch: 28.500002
