timestamps:
  login: 1391866968248
  logout: 1391866986198
ipAddress: 192.168.1.105
lastlocation:
  world: world
  x: 12.5
  y: 67.0
  z: 259.5
  yaw: 0.0
  pitch: 0.0
logoutlocation:
  world: world
  x: 74.34080487632333
  y: 109.22822582259784
  z: -176.33182853672707
  yaw: 227.99988
  pitch: 18.750002
