timestamps:
  login: 1391877475483
  logout: 1391877537382
ipAddress: 192.168.1.101
lastlocation:
  world: world
  x: 14.5
  y: 69.0
  z: 259.5
  yaw: 0.0
  pitch: 0.0
logoutlocation:
  world: world
  x: 11.066293136264516
  y: 80.91874104135802
  z: 231.89944303489054
  yaw: 193.50024
  pitch: -90.0
