timestamps:
  login: 1391864753997
  lastteleport: 1389810339756
  kits:
    firework: 1389809658065
    notch: 1389809924918
  logout: 1391864843698
ipAddress: 192.168.1.30
lastlocation:
  world: plotworld
  x: -79.30538267168563
  y: 1.5102879953417778
  z: -35.70842346963762
  yaw: 93.69471
  pitch: 26.560314
logoutlocation:
  world: world
  x: 51.92952410113434
  y: 72.00670354550236
  z: 246.09408309627196
  yaw: 84.556564
  pitch: 76.158615
afk: false
