timestamps:
  login: 1391096322536
  lastteleport: 1389810339756
  kits:
    firework: 1389809658065
    notch: 1389809924918
  logout: 1391096334370
ipAddress: 90.231.172.4
lastlocation:
  world: plotworld
  x: -79.30538267168563
  y: 1.5102879953417778
  z: -35.70842346963762
  yaw: 93.69471
  pitch: 26.560314
logoutlocation:
  world: world
  x: 12.7295995364473
  y: 78.61435596677181
  z: 260.59752912496845
  yaw: 257.2191
  pitch: 41.643898
afk: false
