timestamps:
  login: 1391868649898
  logout: 1391868658697
ipAddress: 192.168.1.150
lastlocation:
  world: world
  x: 23.5
  y: 85.0
  z: 251.5
  yaw: 0.0
  pitch: 0.0
logoutlocation:
  world: world
  x: -33.54878430673745
  y: 64.0
  z: 279.3055112881617
  yaw: -289.95004
  pitch: 27.300001
