timestamps:
  login: 1391867770248
  logout: 1391867773697
ipAddress: 192.168.1.45
lastlocation:
  world: world
  x: 14.5
  y: 62.0
  z: 242.5
  yaw: 0.0
  pitch: 0.0
logoutlocation:
  world: world
  x: -2.187756309754225
  y: 97.47124885580473
  z: -419.18752096820634
  yaw: 255.05876
  pitch: 51.380882
