timestamps:
  login: 1391856879238
  logout: 1391856880087
ipAddress: 192.168.1.20
logoutlocation:
  world: world
  x: 45.3917655431796
  y: 75.0
  z: 263.49034143618263
  yaw: -90.00714
  pitch: 78.73095
