timestamps:
  login: 1391866812247
  logout: 1391866881197
ipAddress: 192.168.1.162
lastlocation:
  world: world
  x: 23.5
  y: 85.0
  z: 250.5
  yaw: 0.0
  pitch: 0.0
logoutlocation:
  world: world
  x: -40.987947543364676
  y: 74.74848791821934
  z: 15.091497757749247
  yaw: -106.650085
  pitch: 56.249966
