timestamps:
  login: 1391864254448
  logout: 1391864263697
ipAddress: 192.168.1.83
lastlocation:
  world: world
  x: 14.5
  y: 70.0
  z: 252.5
  yaw: 0.0
  pitch: 0.0
logoutlocation:
  world: world
  x: -6.538848168636674
  y: 77.73064281773053
  z: 254.1061365843891
  yaw: 274.8643
  pitch: 32.161907
