timestamps:
  login: 1391865003997
  logout: 1391865068697
ipAddress: 192.168.1.141
lastlocation:
  world: world
  x: 17.5
  y: 69.0
  z: 246.5
  yaw: 0.0
  pitch: 0.0
logoutlocation:
  world: world
  x: 26.55322305347509
  y: 72.52883051861164
  z: 237.14016150063807
  yaw: 50.136974
  pitch: -77.516495
