timestamps:
  login: 1391867426298
  logout: 1391867828697
ipAddress: 192.168.1.97
lastlocation:
  world: world
  x: 19.5
  y: 70.0
  z: 254.5
  yaw: 0.0
  pitch: 0.0
logoutlocation:
  world: world
  x: 7.547320155505096
  y: 73.2707637812958
  z: 201.89870880653785
  yaw: 90.14453
  pitch: 56.849922
