timestamps:
  login: 1391859381597
  logout: 1391859511197
ipAddress: 192.168.1.71
lastlocation:
  world: world
  x: 21.5
  y: 85.0
  z: 243.5
  yaw: 0.0
  pitch: 0.0
logoutlocation:
  world: world
  x: 40.47497563588675
  y: 95.94155448990219
  z: 206.13467184171952
  yaw: -198.42297
  pitch: 35.4555
