timestamps:
  login: 1391866673498
  logout: 1391866696197
ipAddress: 192.168.1.135
lastlocation:
  world: world
  x: 11.5
  y: 68.0
  z: 256.5
  yaw: 0.0
  pitch: 0.0
logoutlocation:
  world: world
  x: -26.3580884123827
  y: 71.0
  z: 182.86328481015957
  yaw: 221.85008
  pitch: 51.000034
