timestamps:
  login: 1391862143548
  logout: 1391862373697
ipAddress: 192.168.1.172
lastlocation:
  world: world
  x: 14.5
  y: 62.0
  z: 242.5
  yaw: 0.0
  pitch: 0.0
logoutlocation:
  world: world
  x: 2.866821940642734
  y: 67.79014398064838
  z: 258.48044454159157
  yaw: -321.90137
  pitch: 19.199993
