timestamps:
  login: 1391877450715
  logout: 1391877529882
ipAddress: 192.168.1.203
lastlocation:
  world: world
  x: 4.5
  y: 65.0
  z: 252.5
  yaw: 0.0
  pitch: 0.0
logoutlocation:
  world: world
  x: -1.3367903535589036
  y: 103.03429160218676
  z: 116.48457997153854
  yaw: 162.89886
  pitch: 12.900004
