timestamps:
  login: 1391877860960
  logout: 1391877539882
ipAddress: 192.168.1.70
lastlocation:
  world: world
  x: 4.5
  y: 58.0
  z: 245.5
  yaw: 0.0
  pitch: 0.0
logoutlocation:
  world: world
  x: -7.107547336323131
  y: 67.0
  z: 252.1327835520778
  yaw: -257.59338
  pitch: 13.241959
