timestamps:
  login: 1391094596202
  logout: 1391094714371
ipAddress: 81.232.28.216
logoutlocation:
  world: world
  x: 6.577197243951645
  y: 66.37869134797074
  z: 257.7062715815091
  yaw: 233.85066
  pitch: 11.999966
