timestamps:
  login: 1391863690147
  logout: 1391863836198
ipAddress: 192.168.1.163
logoutlocation:
  world: world
  x: -37.057668624232754
  y: 74.4992835859264
  z: 262.65862452181034
  yaw: 257.5738
  pitch: -4.6498713
