timestamps:
  login: 1391861379248
  logout: 1391861543698
ipAddress: 192.168.1.124
lastlocation:
  world: world
  x: 9.5
  y: 67.0
  z: 253.5
  yaw: 0.0
  pitch: 0.0
logoutlocation:
  world: world
  x: 44.10282692923548
  y: 75.0
  z: 240.58400049901698
  yaw: -258.60007
  pitch: 35.7
