timestamps:
  login: 1391858569740
ipAddress: 192.168.1.54
lastlocation:
  world: world
  x: 9.5
  y: 67.0
  z: 252.5
  yaw: 0.0
  pitch: 0.0
logoutlocation:
  world: world
  x: 18.728103995864586
  y: 86.3700056945088
  z: 257.7783062359407
  yaw: -70.49999
  pitch: 6.600003
