timestamps:
  login: 1391866126397
  logout: 1391866601197
ipAddress: 192.168.1.211
lastlocation:
  world: world
  x: 4.5
  y: 64.0
  z: 251.5
  yaw: 0.0
  pitch: 0.0
logoutlocation:
  world: world
  x: -55.568329318654534
  y: 65.0
  z: 408.2706755949506
  yaw: 45.085144
  pitch: -35.798836
