timestamps:
  login: 1391864887897
  logout: 1391864893697
ipAddress: 192.168.1.59
lastlocation:
  world: world
  x: 14.5
  y: 70.0
  z: 251.5
  yaw: 0.0
  pitch: 0.0
logoutlocation:
  world: world
  x: -30.144508813586594
  y: 70.0
  z: 206.30000001192093
  yaw: -232.05002
  pitch: 28.649977
