timestamps:
  login: 1391878035211
  logout: 1391878200433
ipAddress: 192.168.1.210
logoutlocation:
  world: world
  x: -157.08900237918806
  y: 82.0
  z: 291.49941693944044
  yaw: -50.40326
  pitch: 27.599945
lastlocation:
  world: world
  x: 15.699999988079135
  y: 65.1116330269739
  z: 606.6999999880791
  yaw: 120.149536
  pitch: 30.300108
