timestamps:
  login: 1391863153397
  logout: 1391863281197
ipAddress: 192.168.1.142
lastlocation:
  world: world
  x: 9.5
  y: 64.0
  z: 261.5
  yaw: 0.0
  pitch: 0.0
logoutlocation:
  world: world
  x: -237.8769321169134
  y: 82.27619798291018
  z: -319.79616548627996
  yaw: -10.350159
  pitch: 10.649996
