timestamps:
  login: 1391868678097
  logout: 1391868681197
ipAddress: 192.168.1.20
lastlocation:
  world: world
  x: 23.5
  y: 85.0
  z: 256.5
  yaw: 0.0
  pitch: 0.0
logoutlocation:
  world: world
  x: 3.199696392954886
  y: 66.52936759557846
  z: 252.74376693114922
  yaw: 172.50003
  pitch: 31.649996
