timestamps:
  login: 1391878316233
  logout: 1391859576197
ipAddress: 192.168.1.74
lastlocation:
  world: world
  x: 19.5
  y: 73.0
  z: 260.5
  yaw: 0.0
  pitch: 0.0
logoutlocation:
  world: world
  x: 3.306643444375621
  y: 84.72721678874376
  z: 244.89088716748344
  yaw: 97.24942
  pitch: 43.24869
