timestamps:
  login: 1391866217798
  logout: 1391866228697
ipAddress: 192.168.1.117
lastlocation:
  world: world
  x: 7.5
  y: 63.0
  z: 248.5
  yaw: 0.0
  pitch: 0.0
logoutlocation:
  world: world
  x: 14.397293787399459
  y: 85.72718518822711
  z: 304.13479561542164
  yaw: 124.39448
  pitch: 18.293577
