timestamps:
  login: 1391877651232
  logout: 1391877739220
ipAddress: 192.168.1.161
lastlocation:
  world: world
  x: 12.5
  y: 68.0
  z: 255.5
  yaw: 0.0
  pitch: 0.0
logoutlocation:
  world: world
  x: 133.33087805642447
  y: 117.16873923492996
  z: 423.0043254675775
  yaw: -13.349956
  pitch: 56.399944
