timestamps:
  login: 1389817845003
  lastteleport: 1389818662053
ipAddress: 90.232.160.178
lastlocation:
  world: plotworld
  x: 15.0
  y: 65.0
  z: 14.0
  yaw: -221.40332
  pitch: 1.4999961
logoutlocation:
  world: plotworld
  x: 26.28148321322018
  y: 75.38478679639718
  z: 8.689358083127091
  yaw: 251.70009
  pitch: 32.999966
