spawns: 
  default: 
    world: world
    x: -116.60397639878575
    y: 64.0
    z: 270.4736144102307
    yaw: 251.25002
    pitch: 24.3
