world: world
x: 1082.3706549012832
y: 18.483611581288017
z: 1710.300000011921
yaw: 269.76398
pitch: -45.149975
name: lava
