world: world
x: 1151.5655904445346
y: 4.0
z: 1704.468249001935
yaw: 181.2528
pitch: 9.630177
name: Op
