world: world
x: 1037.0243195820171
y: 4.0
z: 1699.7294995178988
yaw: -266.32935
pitch: 23.550009
name: parkour
