world: world
x: 1082.5057745346166
y: 4.0
z: 1710.4503443061978
yaw: -275.78598
pitch: 16.499992
name: spawn
