world: world
x: 1068.9071313010033
y: 4.0
z: 1589.4708613537757
yaw: -189.81938
pitch: 6.149972
name: tävling1
