world: world
x: 1327.4421590676375
y: 4.0
z: 1835.2996365941292
yaw: 90.21808
pitch: 15.14995
name: tävling9
