world: world
x: 1127.3184871248707
y: 4.0
z: 1325.7760889393762
yaw: 175.9561
pitch: 36.330044
name: tävling7
