world: world
x: 1060.965996231194
y: 4.0
z: 316.4073082159608
yaw: -0.22115222
pitch: 36.449993
name: tävling2
