world: world
x: 1220.9647707878955
y: 4.0
z: 1793.8796605825078
yaw: -186.98187
pitch: 17.249952
name: tävling5
