world: world
x: 1040.7691421515797
y: 4.0
z: 1773.291849334653
yaw: 1.8667603
pitch: 47.850025
name: tävling3
