world: world
x: 1277.3789806408977
y: 4.0
z: 1519.2332123876486
yaw: -171.54439
pitch: 38.29909
name: tävling4
