world: world
x: 1159.039718430184
y: 5.0
z: 1486.343408886664
yaw: 4.558473
pitch: 59.999958
name: tävling6
