world: world
x: 590.338101152066
y: 4.0
z: 1131.858911084534
yaw: 35.91918
pitch: 2.7000058
name: tävling8
