world: world
x: 1048.6213390553473
y: 4.0
z: 1704.4408875556544
yaw: 269.31723
pitch: -36.899826
name: Tardis
