world: world
x: 1065.0002631092084
y: 4.0
z: 1710.5922876189577
yaw: -268.16138
pitch: -28.678822
name: theadmintemple
