world: world
x: 1036.6549011462057
y: 4.0
z: 1741.5871020694847
yaw: -269.7882
pitch: 65.54996
name: träborgen
