spawns: 
  default: 
    world: world
    x: -117.8723880874834
    y: 93.0
    z: 268.51032898213305
    yaw: 217.80002
    pitch: 33.000004
