timestamps:
  login: 1390315068585
  lastteleport: 1390315191362
  kits:
    tools: 1390315323069
  logout: 1390315340516
ipAddress: 81.232.28.216
lastlocation:
  world: world
  x: -117.8723880874834
  y: 83.59199981689426
  z: 268.51032898213305
  yaw: 270.89996
  pitch: -48.60001
logoutlocation:
  world: world
  x: -843.0755260454266
  y: 70.0
  z: 469.36171957681944
  yaw: -255.74982
  pitch: 43.49992
