timestamps:
  login: 1391876522304
  lastteleport: 1390315191362
  kits:
    tools: 1390315323069
  logout: 1391876524003
ipAddress: 192.168.1.27
lastlocation:
  world: world
  x: -117.8723880874834
  y: 83.59199981689426
  z: 268.51032898213305
  yaw: 270.89996
  pitch: -48.60001
logoutlocation:
  world: world
  x: -843.0755260454266
  y: 70.0
  z: 469.36171957681944
  yaw: -284.0998
  pitch: 22.949917
