timestamps:
  login: 1391877996454
  logout: 1391878084004
ipAddress: 192.168.1.149
logoutlocation:
  world: world
  x: -706.4790950293889
  y: 66.0
  z: 529.4070021313183
  yaw: -52.049927
  pitch: 33.59998
