timestamps:
  login: 1391859437905
  lastteleport: 1391859873468
  logout: 1391860368654
ipAddress: 192.168.1.67
logoutlocation:
  world: world
  x: -714.1428435694379
  y: 85.0
  z: 563.4449326557717
  yaw: 93.8515
  pitch: 16.622398
