timestamps:
  login: 1391872987901
  logout: 1391873011950
ipAddress: 192.168.1.179
logoutlocation:
  world: world
  x: -898.6342641901887
  y: 69.0
  z: 444.90419300317194
  yaw: -68.39996
  pitch: 13.049978
