timestamps:
  login: 1391875559903
  logout: 1391876021503
ipAddress: 192.168.1.153
logoutlocation:
  world: world
  x: -644.3000000119209
  y: 67.0
  z: 556.699999988079
  yaw: 142.60913
  pitch: 88.05005
