timestamps:
  login: 1391877548253
  logout: 1391877946504
ipAddress: 192.168.1.60
lastlocation:
  world: world
  x: -103.38243153184881
  y: 62.593804419906974
  z: 255.46711896422886
  yaw: 202.05002
  pitch: 4.200003
logoutlocation:
  world: world
  x: -98.60184985530756
  y: 57.98615707886068
  z: 261.2835470119135
  yaw: 244.95003
  pitch: 10.500009
