timestamps:
  login: 1391864063215
  logout: 1391864091417
ipAddress: 192.168.1.220
logoutlocation:
  world: world
  x: -872.601971639542
  y: 70.0
  z: 430.39897007911395
  yaw: 39.459785
  pitch: -10.872402
