timestamps:
  login: 1391876877854
  logout: 1391876979003
ipAddress: 192.168.1.124
logoutlocation:
  world: world
  x: -1191.869891297827
  y: 64.0
  z: 440.59093613958316
  yaw: -139.7038
  pitch: -9.4687195
