timestamps:
  login: 1391878003303
  logout: 1391878011503
ipAddress: 192.168.1.55
logoutlocation:
  world: world
  x: -925.6999999880791
  y: 4.0
  z: 310.69999998807907
  yaw: 291.64966
  pitch: -90.0
