timestamps:
  login: 1391862762649
  logout: 1391862920403
ipAddress: 192.168.1.171
lastlocation:
  world: world
  x: -103.38029066763039
  y: 47.020000137690076
  z: 280.7974955972297
  yaw: 327.1698
  pitch: 35.14528
logoutlocation:
  world: world
  x: -117.8723880874834
  y: 87.00263356882263
  z: 268.51032898213305
  yaw: 215.93188
  pitch: 38.434525
