timestamps:
  login: 1391872266901
  logout: 1391875529003
ipAddress: 192.168.1.65
lastlocation:
  world: world
  x: -96.81639460280068
  y: 62.34425222128586
  z: 281.02055528210786
  yaw: -224.85712
  pitch: 25.500017
logoutlocation:
  world: world
  x: -94.78709553783666
  y: 60.8133869756947
  z: 282.34912393978357
  yaw: -221.10706
  pitch: 17.550018
