timestamps:
  login: 1391874664460
  logout: 1391877831503
ipAddress: 192.168.1.134
lastlocation:
  world: world
  x: -102.63365813524935
  y: 61.052649443025935
  z: 262.0566415781706
  yaw: 95.55005
  pitch: 40.950016
logoutlocation:
  world: world
  x: -110.9729520934273
  y: 56.56791422574475
  z: 266.7455807163511
  yaw: 263.69986
  pitch: -16.649994
