timestamps:
  login: 1391878014953
  logout: 1391878019003
ipAddress: 192.168.1.240
logoutlocation:
  world: world
  x: -161.38967841379292
  y: 39.0
  z: 283.0276152794101
  yaw: 28.093752
  pitch: 41.946255
lastlocation:
  world: world
  x: -117.43794763308654
  y: 35.0
  z: 267.58386985341247
  yaw: -324.7094
  pitch: -1.408629
