timestamps:
  login: 1391872760651
  kits:
    tools: 1390315220318
  lastteleport: 1390315390067
  logout: 1391872764450
ipAddress: 192.168.1.201
nickname: gustafmario
lastlocation:
  world: world
  x: -117.35634208787845
  y: 60.215132075806295
  z: 268.3208786470509
  yaw: 217.80002
  pitch: 33.000004
powertools: {}
logoutlocation:
  world: world
  x: -681.5913386424139
  y: 68.0
  z: 531.3878519024836
  yaw: -298.01514
  pitch: 13.162566
