timestamps:
  login: 1391877694703
  logout: 1391877719003
ipAddress: 192.168.1.32
logoutlocation:
  world: world
  x: -909.1848768623769
  y: 66.0
  z: 378.15713559744194
  yaw: -262.49982
  pitch: 33.299988
