timestamps:
  login: 1391866986055
  logout: 1391867001604
ipAddress: 192.168.1.198
logoutlocation:
  world: world
  x: -886.291985101577
  y: 69.0
  z: 411.83856461782784
  yaw: -183.09145
  pitch: 24.278429
