timestamps:
  login: 1391868817321
  logout: 1391869729450
ipAddress: 192.168.1.77
logoutlocation:
  world: world
  x: -746.290784534941
  y: 64.0
  z: 55.96989591207837
  yaw: -200.70142
  pitch: 25.050007
lastlocation:
  world: world
  x: -758.0186847944171
  y: 67.0
  z: 744.4408652452
  yaw: -229.35413
  pitch: 51.150017
