timestamps:
  login: 1391864655731
  logout: 1391864736882
ipAddress: 192.168.1.93
lastlocation:
  world: world
  x: -148.040454684405
  y: 41.620005394502584
  z: 278.69308746279586
  yaw: 63.62393
  pitch: 77.73121
logoutlocation:
  world: world
  x: -117.8723880874834
  y: 60.27455798988287
  z: 268.51032898213305
  yaw: 231.31679
  pitch: -3.2495837
