timestamps:
  login: 1391876003804
  logout: 1391876254003
ipAddress: 192.168.1.41
lastlocation:
  world: world
  x: -874.8522951541789
  y: 69.0
  z: 419.5242601449804
  yaw: -47.69998
  pitch: -2.8499978
logoutlocation:
  world: world
  x: -627.51029996043
  y: 70.0
  z: 511.6354333743358
  yaw: 184.05069
  pitch: 10.800006
