timestamps:
  login: 1391860962905
  logout: 1391860963655
ipAddress: 192.168.1.49
logoutlocation:
  world: world
  x: -857.3133630441803
  y: 70.0
  z: 426.30238187326506
  yaw: -41.9913
  pitch: 6.0522323
