timestamps:
  login: 1391866975905
  logout: 1391866999104
ipAddress: 192.168.1.232
logoutlocation:
  world: world
  x: -886.7082839679586
  y: 69.0
  z: 409.8929536441193
  yaw: 155.69998
  pitch: 4.2000074
