timestamps:
  login: 1390415423001
  logout: 1390415425951
ipAddress: 217.211.159.126
logoutlocation:
  world: world
  x: -862.345712506081
  y: 71.0
  z: 437.76868325762644
  yaw: 127.34996
  pitch: -16.65001
