timestamps:
  login: 1391874068940
  logout: 1391874102590
ipAddress: 192.168.1.229
logoutlocation:
  world: world
  x: -867.3548115457019
  y: 67.0
  z: 403.5926903476551
  yaw: 32.84967
  pitch: -90.0
