timestamps:
  login: 1391867329404
  logout: 1391867334104
ipAddress: 192.168.1.203
lastlocation:
  world: world
  x: -936.6999999880791
  y: 63.0
  z: 462.30000001192093
  yaw: 141.15036
  pitch: 13.04996
logoutlocation:
  world: world
  x: -105.5025477771549
  y: 55.999451514401095
  z: 264.05468742951587
  yaw: -38.69996
  pitch: -0.14998896
