timestamps:
  login: 1391874046740
  logout: 1391874075090
ipAddress: 192.168.1.207
logoutlocation:
  world: world
  x: -49.713136610220545
  y: 60.481662343711754
  z: 286.5088631115163
  yaw: -152.89296
  pitch: 14.328986
lastlocation:
  world: world
  x: -999.4506033752967
  y: 74.0
  z: 392.30000001192093
  yaw: -28.321688
  pitch: -23.915585
