timestamps:
  login: 1391865262881
  logout: 1391865264381
ipAddress: 192.168.1.169
logoutlocation:
  world: world
  x: -841.0405386674993
  y: 63.0
  z: 407.7219006085459
  yaw: -25.799988
  pitch: 22.799995
