timestamps:
  login: 1391877266832
  logout: 1391877296503
ipAddress: 192.168.1.165
logoutlocation:
  world: world
  x: -857.778209606825
  y: 70.0
  z: 420.0011516030479
  yaw: -116.55007
  pitch: 16.199991
