timestamps:
  login: 1391869557950
  logout: 1391869676951
ipAddress: 192.168.1.35
logoutlocation:
  world: world
  x: -619.5380722768009
  y: 68.0
  z: 433.5938289131067
  yaw: -138.14984
  pitch: 12.749992
