timestamps:
  login: 1391876837353
  logout: 1391876914004
ipAddress: 192.168.1.62
lastlocation:
  world: world
  x: -89.14540642501044
  y: 62.65494004513482
  z: 279.70362865390643
  yaw: 285.6999
  pitch: 19.236528
logoutlocation:
  world: world
  x: -117.8723880874834
  y: 57.49941673033532
  z: 268.51032898213305
  yaw: 217.80002
  pitch: 33.000004
