timestamps:
  login: 1391874890810
  lastteleport: 1391865320295
  logout: 1391874906503
  kits:
    tools: 1391864753188
ipAddress: 192.168.1.127
lastlocation:
  world: world
  x: -117.5
  y: 46.466386901705135
  z: 268.5
  yaw: 112.35
  pitch: 41.550003
homes:
  home:
    world: world
    x: -154.68977369492507
    y: 82.0
    z: 1636.6718475959744
    yaw: 106.09166
    pitch: 17.901615
logoutlocation:
  world: world
  x: -158.69999998807907
  y: 83.0
  z: 1633.862500011921
  yaw: -14.057709
  pitch: 37.251606
