timestamps:
  login: 1391869949500
  logout: 1391869976950
ipAddress: 192.168.1.90
logoutlocation:
  world: world
  x: -130.33937865900197
  y: 58.43446217382635
  z: 271.99033206418636
  yaw: 101.089035
  pitch: 11.883021
lastlocation:
  world: world
  x: -86.94204998350067
  y: 42.820000428
  z: 283.6494933620704
  yaw: 15.023712
  pitch: -90.0
