timestamps:
  login: 1391872561350
  logout: 1391872629450
ipAddress: 192.168.1.177
logoutlocation:
  world: world
  x: -896.676456491455
  y: 66.0
  z: 635.5405803527892
  yaw: 259.50018
  pitch: 22.650003
