timestamps:
  login: 1391866940304
  logout: 1391866954105
ipAddress: 192.168.1.210
lastlocation:
  world: world
  x: -99.86701147379148
  y: 60.74652298379334
  z: 192.17607276139418
  yaw: 320.70035
  pitch: -14.850012
logoutlocation:
  world: world
  x: -117.8723880874834
  y: 60.01861011181284
  z: 268.51032898213305
  yaw: 262.4999
  pitch: 13.95002
