timestamps:
  login: 1391865128631
  logout: 1391865254381
ipAddress: 192.168.1.61
logoutlocation:
  world: world
  x: -927.4426989777099
  y: 71.0
  z: 361.47341890023654
  yaw: 8.999664
  pitch: -15.749985
