timestamps:
  login: 1391875428354
  logout: 1391876481503
ipAddress: 192.168.1.70
lastlocation:
  world: world
  x: -77.71272738457121
  y: 62.418495194127075
  z: 276.36472616631755
  yaw: 108.27225
  pitch: 4.0176587
logoutlocation:
  world: world
  x: -92.99976369882226
  y: 58.02000808605163
  z: 271.3948329277222
  yaw: 123.60586
  pitch: 8.315117
