timestamps:
  login: 1391866940554
  logout: 1391866979104
ipAddress: 192.168.1.22
lastlocation:
  world: world
  x: -856.9089084429985
  y: 70.58230961125521
  z: 417.91556776387733
  yaw: 50.99519
  pitch: 3.6864076
logoutlocation:
  world: world
  x: -128.31235748493683
  y: 62.3399160952855
  z: 286.9169036630794
  yaw: -23.083557
  pitch: -1.5455831
