timestamps:
  login: 1391860090454
  logout: 1391860131154
ipAddress: 192.168.1.17
lastlocation:
  world: world
  x: -863.6269825762828
  y: 70.0
  z: 424.57471680767424
  yaw: 48.600006
  pitch: 16.64999
logoutlocation:
  world: world
  x: -863.6269825762828
  y: 70.0
  z: 424.57471680767424
  yaw: 48.600006
  pitch: 16.64999
