timestamps:
  login: 1391876971403
  logout: 1391876979003
ipAddress: 192.168.1.82
logoutlocation:
  world: world
  x: -117.8723880874834
  y: 35.0
  z: 268.51032898213305
  yaw: 217.80002
  pitch: 33.000004
lastlocation:
  world: world
  x: -117.8723880874834
  y: 35.0
  z: 268.51032898213305
  yaw: 95.4
  pitch: 6.749995
