timestamps:
  login: 1391877737053
  logout: 1391877744003
ipAddress: 192.168.1.31
logoutlocation:
  world: world
  x: -864.4720856661176
  y: 69.0
  z: 437.69999998807907
  yaw: 1.3499978
  pitch: 14.099997
