timestamps:
  login: 1391877560303
  logout: 1391877571503
  lastteleport: 1390062978692
ipAddress: 192.168.1.25
lastlocation:
  world: world
  x: -122.66206622606545
  y: 101.86435618333834
  z: 264.4840592916397
  yaw: 211.95003
  pitch: 49.19999
logoutlocation:
  world: world
  x: -862.0622096984984
  y: 72.49064318920136
  z: 439.154782543402
  yaw: 45.899986
  pitch: 18.900017
