timestamps:
  login: 1391877272654
  logout: 1391878054004
ipAddress: 192.168.1.117
lastlocation:
  world: world
  x: -94.95752572813352
  y: 35.0
  z: 264.73833272159044
  yaw: 69.35852
  pitch: -88.87569
logoutlocation:
  world: world
  x: -94.95752572813352
  y: 35.0
  z: 264.73833272159044
  yaw: 69.35852
  pitch: -88.87569
