timestamps:
  login: 1391874047989
  logout: 1391874062589
ipAddress: 192.168.1.109
logoutlocation:
  world: world
  x: -837.222843372231
  y: 66.0
  z: 528.2485680935511
  yaw: -76.79926
  pitch: 9.149979
