jails: 
  lol: 
    world: world
    x: 1149.5987092838961
    y: 1.0
    z: 1715.8731860645223
    yaw: 288.38837
    pitch: -12.75005
