spawns: 
  default: 
    world: world
    x: 1081.9702918895914
    y: 4.0
    z: 1710.3882837999904
    yaw: 262.5675
    pitch: 45.300148
