timestamps:
  login: 1389638273733
  logout: 1389638474578
ipAddress: 192.168.1.115
lastlocation:
  world: plotworld
  x: -9.902204430858788
  y: 1.0
  z: -38.92407833678394
  yaw: -267.75244
  pitch: 90.0
logoutlocation:
  world: plotworld
  x: -11.62986025286415
  y: 65.0
  z: -1.435327598794657
  yaw: -289.80008
  pitch: 50.250008
