timestamps:
  login: 1389644236535
  logout: 1389638529578
  lastteleport: 1389644934287
ipAddress: 213.113.125.103
lastlocation:
  world: plotworld
  x: -70.56433015876125
  y: 65.0
  z: -67.51313982317382
  yaw: 313.80008
  pitch: -2.9999702
afk: false
logoutlocation:
  world: plotworld
  x: 5.531940293269077
  y: 68.23981936600332
  z: 10.236428561742887
  yaw: -187.49847
  pitch: 7.5000215
