timestamps:
  login: 1391875875209
  logout: 1391876179568
ipAddress: 192.168.1.119
lastlocation:
  world: mainWorld
  x: -72.0
  y: 64.0
  z: 128.0
  yaw: 0.0
  pitch: 0.0
logoutlocation:
  world: plotworld
  x: -324.2274474254536
  y: 74.23005456232164
  z: 85.45286149101602
  yaw: 166.34192
  pitch: 38.117874
