timestamps:
  login: 1391872851439
  logout: 1391872859135
ipAddress: 192.168.1.224
lastlocation:
  world: mainWorld
  x: -72.0
  y: 64.0
  z: 128.0
  yaw: 0.0
  pitch: 0.0
logoutlocation:
  world: plotworld
  x: -136.1893865965452
  y: 76.86435596911396
  z: 209.70977087660387
  yaw: -254.78891
  pitch: 36.471516
