timestamps:
  login: 1391877300119
  logout: 1391877307069
ipAddress: 192.168.1.67
lastlocation:
  world: mainWorld
  x: -72.0
  y: 64.0
  z: 128.0
  yaw: 0.0
  pitch: 0.0
logoutlocation:
  world: plotworld
  x: 58.098016505273456
  y: 68.27626449389452
  z: 71.91482306963944
  yaw: 267.21326
  pitch: -9.755398
