timestamps:
  login: 1391874166998
  logout: 1391874394569
ipAddress: 192.168.1.130
lastlocation:
  world: mainWorld
  x: -72.0
  y: 64.0
  z: 128.0
  yaw: 0.0
  pitch: 0.0
logoutlocation:
  world: plotworld
  x: 172.71823276339012
  y: 65.0
  z: 150.45698648915504
  yaw: -178.34999
  pitch: 22.499992
