timestamps:
  login: 1391874645951
  logout: 1391875379568
ipAddress: 192.168.1.153
lastlocation:
  world: mainWorld
  x: -72.0
  y: 64.0
  z: 128.0
  yaw: 0.0
  pitch: 0.0
logoutlocation:
  world: plotworld
  x: -307.61403539422463
  y: 78.72958790047868
  z: -114.42608521277346
  yaw: 67.17239
  pitch: 12.454938
