timestamps:
  login: 1391875652718
  logout: 1391876722068
ipAddress: 192.168.1.194
lastlocation:
  world: mainWorld
  x: -72.0
  y: 64.0
  z: 128.0
  yaw: 0.0
  pitch: 0.0
logoutlocation:
  world: plotworld
  x: -103.04360387273158
  y: 65.0
  z: -228.52330974133585
  yaw: 20.256989
  pitch: 87.9
afk: false
