timestamps:
  login: 1391873994068
  logout: 1391874319568
ipAddress: 192.168.1.125
lastlocation:
  world: mainWorld
  x: -72.0
  y: 64.0
  z: 128.0
  yaw: 0.0
  pitch: 0.0
logoutlocation:
  world: plotworld
  x: -297.4957636401769
  y: 68.61463400578373
  z: 50.38205424397963
  yaw: -299.67297
  pitch: 44.90904
