timestamps:
  login: 1391878038518
  logout: 1391878182068
ipAddress: 192.168.1.55
lastlocation:
  world: mainWorld
  x: -72.0
  y: 64.0
  z: 128.0
  yaw: 0.0
  pitch: 0.0
logoutlocation:
  world: plotworld
  x: -233.8080480599682
  y: 99.48855686793861
  z: 331.0014887485218
  yaw: 321.86563
  pitch: 27.75398
