timestamps:
  login: 1391875160068
  logout: 1391875319569
ipAddress: 192.168.1.223
lastlocation:
  world: mainWorld
  x: -72.0
  y: 64.0
  z: 128.0
  yaw: 0.0
  pitch: 0.0
logoutlocation:
  world: plotworld
  x: -169.41699623544113
  y: 71.66555159414968
  z: 461.51091770545
  yaw: -43.139084
  pitch: 68.700005
