timestamps:
  login: 1391877756068
  logout: 1391878262068
ipAddress: 192.168.1.235
lastlocation:
  world: mainWorld
  x: -72.0
  y: 64.0
  z: 128.0
  yaw: 0.0
  pitch: 0.0
logoutlocation:
  world: plotworld
  x: 21.35095711509795
  y: 68.1048872840297
  z: 188.51148542776775
  yaw: 313.2657
  pitch: 65.4
