timestamps:
  login: 1391877399418
  logout: 1391877457069
ipAddress: 192.168.1.101
lastlocation:
  world: mainWorld
  x: -72.0
  y: 64.0
  z: 128.0
  yaw: 0.0
  pitch: 0.0
logoutlocation:
  world: plotworld
  x: 179.46355547290636
  y: 68.6267611997655
  z: 104.92082966573804
  yaw: 27.903687
  pitch: 16.799995
