timestamps:
  login: 1391870077718
  logout: 1391870084618
ipAddress: 192.168.1.77
lastlocation:
  world: mainWorld
  x: -72.0
  y: 64.0
  z: 128.0
  yaw: 0.0
  pitch: 0.0
logoutlocation:
  world: plotworld
  x: -141.17870543577266
  y: 65.0
  z: 213.39445339933772
  yaw: -118.58895
  pitch: 34.82152
