timestamps:
  login: 1391877948869
  logout: 1391878017068
ipAddress: 192.168.1.64
lastlocation:
  world: mainWorld
  x: -72.0
  y: 64.0
  z: 128.0
  yaw: 0.0
  pitch: 0.0
logoutlocation:
  world: plotworld
  x: 90.90148443509446
  y: 84.72128811099512
  z: -109.00734103864005
  yaw: -78.86755
  pitch: 35.757866
