timestamps:
  login: 1391875194568
  logout: 1391875399568
ipAddress: 192.168.1.41
lastlocation:
  world: mainWorld
  x: -72.0
  y: 64.0
  z: 128.0
  yaw: 0.0
  pitch: 0.0
logoutlocation:
  world: plotworld
  x: -250.16051433188565
  y: 71.65587996516724
  z: 375.05756854809505
  yaw: -91.58884
  pitch: 12.749977
