timestamps:
  login: 1391874389520
  lastteleport: 1391874948737
  logout: 1391874149568
ipAddress: 192.168.1.139
lastlocation:
  world: plotworld
  x: -181.75057386661942
  y: 65.0
  z: -136.6078262012945
  yaw: 81.19043
  pitch: 69.900024
logoutlocation:
  world: plotworld
  x: -250.00284937643832
  y: 78.99727989278438
  z: -223.0213833550046
  yaw: -174.60297
  pitch: 40.350037
nickname: xXkobra_giftXx
afk: false
