timestamps:
  login: 1391878418768
  logout: 1391878299568
  lastteleport: 1391874088638
ipAddress: 192.168.1.196
lastlocation:
  world: plotworld
  x: -44.50981947651469
  y: 91.2924700018889
  z: -81.95954205790068
  yaw: 239.55002
  pitch: 20.399994
logoutlocation:
  world: plotworld
  x: -173.36997969774927
  y: 68.11374240065788
  z: 235.32536497790053
  yaw: -355.5936
  pitch: 33.450054
afk: false
