timestamps:
  login: 1391874457718
  logout: 1391878224569
ipAddress: 192.168.1.207
lastlocation:
  world: mainWorld
  x: -72.0
  y: 64.0
  z: 128.0
  yaw: 0.0
  pitch: 0.0
afk: false
logoutlocation:
  world: plotworld
  x: -86.6671129264646
  y: 87.24727989251735
  z: 375.60448422644845
  yaw: -274.94983
  pitch: 32.934944
