timestamps:
  login: 1391874098724
  logout: 1391874149568
ipAddress: 192.168.1.160
lastlocation:
  world: mainWorld
  x: -72.0
  y: 64.0
  z: 128.0
  yaw: 0.0
  pitch: 0.0
logoutlocation:
  world: plotworld
  x: -315.92212732383064
  y: 65.0
  z: 30.469762673850667
  yaw: -186.38911
  pitch: 55.64999
