timestamps:
  login: 1391868149206
  logout: 1391868195106
ipAddress: 192.168.1.163
logoutlocation:
  world: plotworld
  x: -183.33045291732003
  y: 1.0
  z: 200.49471851827394
  yaw: 242.9109
  pitch: 20.999998
lastlocation:
  world: plotworld
  x: -140.62238718650755
  y: 65.22630057577949
  z: 218.2687430232578
  yaw: 61.111046
  pitch: 21.621523
