timestamps:
  login: 1391876987848
  logout: 1391877059568
ipAddress: 192.168.1.82
lastlocation:
  world: mainWorld
  x: -72.0
  y: 64.0
  z: 128.0
  yaw: 0.0
  pitch: 0.0
logoutlocation:
  world: plotworld
  x: -26.974924829024946
  y: 65.0
  z: 202.1294792646146
  yaw: -110.48887
  pitch: 10.649982
afk: false
