timestamps:
  login: 1391874497318
  logout: 1391874499568
ipAddress: 192.168.1.192
lastlocation:
  world: mainWorld
  x: -72.0
  y: 64.0
  z: 128.0
  yaw: 0.0
  pitch: 0.0
logoutlocation:
  world: plotworld
  x: -90.61795910550705
  y: 65.0
  z: 251.09663702105993
  yaw: 8.461304
  pitch: 10.350007
