timestamps:
  login: 1391875648918
  lastteleport: 1391877080242
ipAddress: 192.168.1.58
lastlocation:
  world: plotworld
  x: -299.41291930094167
  y: 65.0
  z: -64.37489323048918
  yaw: 20.853687
  pitch: 23.70014
