timestamps:
  login: 1391869781719
  logout: 1391870259619
ipAddress: 192.168.1.20
lastlocation:
  world: mainWorld
  x: -72.0
  y: 64.0
  z: 128.0
  yaw: 0.0
  pitch: 0.0
logoutlocation:
  world: plotworld
  x: -245.68457449798947
  y: 66.0
  z: -54.35142265709051
  yaw: 46.200317
  pitch: 51.449924
