timestamps:
  login: 1391873057448
  logout: 1391873076635
ipAddress: 192.168.1.80
lastlocation:
  world: mainWorld
  x: -72.0
  y: 64.0
  z: 128.0
  yaw: 0.0
  pitch: 0.0
logoutlocation:
  world: plotworld
  x: -136.68320043160873
  y: 72.15382332546314
  z: 240.33259897522677
  yaw: 59.611046
  pitch: 25.67152
