spawns: 
  default: 
    world: plotworld
    x: -141.45908591755477
    y: 65.0
    z: 213.53557418218588
    yaw: 141.66101
    pitch: -20.549995
