timestamps:
  login: 1391870156797
  logout: 1391870195048
ipAddress: 192.168.1.226
lastlocation:
  world: world
  x: 1088.5
  y: 11.0
  z: 1704.5
  yaw: 0.0
  pitch: 0.0
logoutlocation:
  world: world
  x: 1061.0278213864449
  y: 19.98177286703218
  z: 1578.3390092115806
  yaw: -47.99061
  pitch: 24.300026
