timestamps:
  login: 1391864512704
  logout: 1391871569059
ipAddress: 192.168.1.167
lastlocation:
  world: world
  x: 932.0753715029232
  y: 12.865552367256802
  z: 1907.6913000000723
  yaw: -131.6375
  pitch: 20.549978
logoutlocation:
  world: world
  x: 925.2850506897563
  y: 11.23339103896445
  z: 1654.7990863838709
  yaw: 138.63318
  pitch: 29.250074
