timestamps:
  login: 1391860281448
  logout: 1391867995287
ipAddress: 192.168.1.47
lastlocation:
  world: world
  x: 923.0666512307342
  y: 16.437500044767468
  z: 1914.1257417256654
  yaw: 157.00151
  pitch: 60.300014
logoutlocation:
  world: world
  x: 891.6186575654176
  y: 4.584628901942998
  z: 1887.2054186652313
  yaw: 135.2561
  pitch: 45.450054
nickname: chicken
