timestamps:
  login: 1391873076379
  logout: 1391873678042
ipAddress: 192.168.1.128
lastlocation:
  world: world
  x: 928.3931559301981
  y: 16.437500044767468
  z: 1904.9356008726415
  yaw: 33.07475
  pitch: 29.99998
logoutlocation:
  world: world
  x: 1386.1775665585483
  y: 4.700000017881393
  z: 1555.9672811074884
  yaw: -171.49568
  pitch: 17.250015
