timestamps:
  login: 1391096468001
  logout: 1391096509045
ipAddress: 81.232.28.216
logoutlocation:
  world: world
  x: 1080.372803314712
  y: 4.0
  z: 1707.4648459968746
  yaw: -343.19458
  pitch: 4.350021
