timestamps:
  login: 1391873818192
  logout: 1391873812786
ipAddress: 192.168.1.238
lastlocation:
  world: world
  x: 921.3000000119209
  y: 4.0
  z: 1914.5516727780077
  yaw: 74.624855
  pitch: 26.099972
logoutlocation:
  world: world
  x: 1139.7176036592743
  y: 39.83440951341757
  z: 1623.7689858075712
  yaw: 15.817108
  pitch: 53.999992
