timestamps:
  login: 1391868715481
  logout: 1391870184672
ipAddress: 192.168.1.189
lastlocation:
  world: world
  x: 1082.5
  y: 10.0
  z: 1701.5
  yaw: 0.0
  pitch: 0.0
logoutlocation:
  world: world
  x: 1497.4219212472253
  y: 4.0
  z: 1748.9365343660736
  yaw: -288.3482
  pitch: 22.403585
