timestamps:
  login: 1391868814774
  logout: 1391869865962
ipAddress: 192.168.1.189
lastlocation:
  world: world
  x: 1076.5
  y: 13.0
  z: 1716.5
  yaw: 0.0
  pitch: 0.0
logoutlocation:
  world: world
  x: 1488.6325702214547
  y: 23.218392409578207
  z: 1770.9863323320837
  yaw: 67.19812
  pitch: 40.350037
