timestamps:
  login: 1391877069782
  logout: 1391871574793
ipAddress: 192.168.1.60
lastlocation:
  world: world
  x: 1071.5
  y: 4.0
  z: 1701.5
  yaw: 0.0
  pitch: 0.0
logoutlocation:
  world: world
  x: 1117.7009429027896
  y: 33.75758809440741
  z: 1771.2867986090603
  yaw: 64.26779
  pitch: -33.9
