timestamps:
  login: 1391869429130
  logout: 1391870278596
ipAddress: 192.168.1.194
lastlocation:
  world: world
  x: 919.6372740316403
  y: 4.0
  z: 1910.5224860981969
  yaw: 311.4674
  pitch: 13.650154
logoutlocation:
  world: world
  x: 976.2451163707156
  y: 57.13842914136117
  z: 1649.6402119149368
  yaw: 227.30084
  pitch: 37.949997
