timestamps:
  login: 1391873490472
  logout: 1391873674373
ipAddress: 192.168.1.125
lastlocation:
  world: world
  x: 1083.5
  y: 20.0
  z: 1715.5
  yaw: 0.0
  pitch: 0.0
logoutlocation:
  world: world
  x: 1166.2262621504606
  y: 54.33435900261464
  z: 1584.0804877513244
  yaw: 264.67252
  pitch: 53.463737
