timestamps:
  login: 1391873184792
  logout: 1391872029354
ipAddress: 192.168.1.104
lastlocation:
  world: world
  x: 1136.699999988079
  y: -399.4342458434892
  z: 1882.300000011921
  yaw: 123.87036
  pitch: -55.499996
logoutlocation:
  world: world
  x: 1043.1962136102425
  y: 24.46992564200702
  z: 1563.809290521429
  yaw: 51.066406
  pitch: 22.199987
