timestamps:
  login: 1391874669808
  logout: 1391875622428
ipAddress: 192.168.1.84
lastlocation:
  world: world
  x: 1088.5
  y: 19.0
  z: 1709.5
  yaw: 0.0
  pitch: 0.0
logoutlocation:
  world: world
  x: 1288.2237390885905
  y: 4.5
  z: 1949.4982853518234
  yaw: 96.76123
  pitch: 17.850012
