timestamps:
  login: 1391876200966
  logout: 1391876855231
ipAddress: 192.168.1.121
lastlocation:
  world: world
  x: 923.0
  y: 5.0
  z: 1914.0
  yaw: 168.96759
  pitch: 4.9500012
logoutlocation:
  world: world
  x: 1323.900372943002
  y: 4.700000017881393
  z: 1560.7900081688974
  yaw: 35.82242
  pitch: 37.95003
