timestamps:
  login: 1391869253831
  logout: 1391868983066
ipAddress: 192.168.1.213
lastlocation:
  world: world
  x: 1075.5
  y: 3.0
  z: 1712.5
  yaw: 0.0
  pitch: 0.0
logoutlocation:
  world: world
  x: 965.1068263630592
  y: 4.0
  z: 1592.9141527002068
  yaw: 28.192047
  pitch: 6.7500286
afk: false
