timestamps:
  login: 1391755171859
  logout: 1391755184870
  lastteleport: 1391705267722
  kits:
    tools: 1391589110702
    color: 1391589130203
    firework: 1391705186722
    dtools: 1391589220102
    notch: 1391589059352
ipAddress: 83.254.199.24
logoutlocation:
  world: world
  x: 68.31116656317127
  y: 84.0
  z: 1672.7557653569802
  yaw: 271.86102
  pitch: 21.750006
lastlocation:
  world: world
  x: 75.47227393477837
  y: 4.0
  z: 1732.6220722102712
  yaw: -192.98889
  pitch: -67.35004
afk: false
godmode: false
powertools: {}
nickname: sigges2004
socialspy: true
homes:
  f:
    world: world
    x: 1149.9935903206904
    y: 5.0
    z: 1716.074999988079
    yaw: 5.3377686
    pitch: 89.1
