timestamps:
  login: 1391875997298
  logout: 1391873190207
  lastteleport: 1391877137553
  kits:
    tools: 1391589110702
    firework: 1391865070089
    color: 1391589130203
    dtools: 1391589220102
    notch: 1391589059352
ipAddress: 192.168.1.40
logoutlocation:
  world: world
  x: 1584.3310622444203
  y: 13.200000047683716
  z: 1862.5097579146911
  yaw: 325.7393
  pitch: 5.40003
lastlocation:
  world: world
  x: 1036.9611703559833
  y: 37.10496818216562
  z: 1548.3141302463578
  yaw: 178.49928
  pitch: 23.1
afk: false
godmode: false
powertools: {}
nickname: E
socialspy: true
homes:
  f:
    world: world
    x: 1149.9935903206904
    y: 5.0
    z: 1716.074999988079
    yaw: 5.3377686
    pitch: 89.1
