timestamps:
  login: 1391870969249
  logout: 1391870993185
ipAddress: 192.168.1.185
lastlocation:
  world: world
  x: 923.0919845341892
  y: 9.195435758219354
  z: 1913.3105326985778
  yaw: 205.56752
  pitch: -5.549815
logoutlocation:
  world: world
  x: 895.420516813592
  y: 12.008520175603177
  z: 1769.8712143885489
  yaw: -143.03857
  pitch: 13.650001
