timestamps:
  login: 1391872307237
  logout: 1391865116633
ipAddress: 192.168.1.11
afk: false
logoutlocation:
  world: world
  x: 1083.5
  y: 75.16311049624498
  z: 1700.5
  yaw: 26.092773
  pitch: 23.943707
