timestamps:
  login: 1391862990498
  logout: 1391865206569
ipAddress: 192.168.1.53
lastlocation:
  world: world
  x: 1076.5
  y: 4.0
  z: 1718.5
  yaw: 0.0
  pitch: 0.0
logoutlocation:
  world: world
  x: 1016.4887894763269
  y: 4.0
  z: 1703.1864341785558
  yaw: -169.13394
  pitch: 20.099977
