timestamps:
  login: 1391869559524
  logout: 1391869674451
ipAddress: 192.168.1.39
lastlocation:
  world: world
  x: 1090.5
  y: 4.0
  z: 1703.5
  yaw: 0.0
  pitch: 0.0
nickname: frejaeklund
logoutlocation:
  world: world
  x: 1208.6059254033519
  y: 4.0
  z: 1706.0368938218148
  yaw: 240.36629
  pitch: 87.899994
