timestamps:
  login: 1391865605478
  logout: 1391867373018
ipAddress: 192.168.1.68
lastlocation:
  world: world
  x: 1079.5
  y: 22.0
  z: 1712.5
  yaw: 0.0
  pitch: 0.0
logoutlocation:
  world: world
  x: 1102.9846275823613
  y: 10.545390324340142
  z: 1416.8458424089397
  yaw: -134.15823
  pitch: 44.44285
