timestamps:
  login: 1391873134806
  lastteleport: 1391873560828
  kits:
    tools: 1391096402048
    firework: 1389809658065
    notch: 1389809924918
  logout: 1391873798263
ipAddress: 192.168.1.201
lastlocation:
  world: world
  x: 878.2944593076677
  y: 25.753262385904033
  z: 1921.259141781471
  yaw: -4.7456665
  pitch: 5.9475083
logoutlocation:
  world: world
  x: 878.3405342134006
  y: 31.281001503477253
  z: 1723.0279549220686
  yaw: 88.71643
  pitch: 8.389779
afk: false
nickname: gustafmario
