timestamps:
  login: 1391870931210
  logout: 1391870968825
ipAddress: 192.168.1.78
lastlocation:
  world: world
  x: 1083.5
  y: 23.0
  z: 1707.5
  yaw: 0.0
  pitch: 0.0
logoutlocation:
  world: world
  x: 1248.6159010199171
  y: 60.60490813561996
  z: 1575.3290356964158
  yaw: 258.9193
  pitch: 43.456955
