timestamps:
  login: 1391869225595
  logout: 1391871216569
ipAddress: 192.168.1.51
lastlocation:
  world: world
  x: 923.0
  y: 5.0
  z: 1914.0
  yaw: -5.4789734
  pitch: -45.43658
logoutlocation:
  world: world
  x: 1057.2930698873054
  y: 64.85341711794325
  z: 1689.680037270502
  yaw: 276.2337
  pitch: 13.350002
