timestamps:
  login: 1391867420730
  lastteleport: 1391869105142
  logout: 1391869772201
  kits:
    dtools: 1391864156239
ipAddress: 192.168.1.26
lastlocation:
  world: world
  x: 709.8759339243345
  y: 67.26115101849608
  z: 1651.055873318318
  yaw: 333.87
  pitch: 62.475388
logoutlocation:
  world: world
  x: 782.8632674486648
  y: 9.43785098559566
  z: 1700.0510765151707
  yaw: 253.00491
  pitch: 16.792706
