timestamps:
  login: 1391453713617
  lastteleport: 1391454011411
  logout: 1391454496156
ipAddress: 81.170.225.27
lastlocation:
  world: world
  x: 1068.4931964273399
  y: 21.881954314831695
  z: 1691.4934304433227
  yaw: 353.0674
  pitch: 23.850882
logoutlocation:
  world: world
  x: 1035.5437752089442
  y: 4.0
  z: 1698.509957633935
  yaw: 84.802124
  pitch: 15.604499
nickname: OPHero
