timestamps:
  login: 1391875900525
  lastteleport: 1391866770905
  logout: 1391876810231
ipAddress: 192.168.1.228
lastlocation:
  world: world
  x: 1053.1319049260042
  y: 4.0
  z: 1811.699999988079
  yaw: -38.030914
  pitch: 45.47279
logoutlocation:
  world: world
  x: 1064.3200183528957
  y: 7.700000047683717
  z: 1719.6933407929246
  yaw: 279.29608
  pitch: 3.0323477
ban:
  reason: Temporarily banned from server for 10 minutes.
  timeout: 0
