timestamps:
  login: 1391869885391
  logout: 1391870451403
ipAddress: 192.168.1.93
lastlocation:
  world: world
  x: 1151.1598661798882
  y: 4.0
  z: 1706.0401402551643
  yaw: -82.39641
  pitch: 1.5827678
logoutlocation:
  world: world
  x: 1417.3243391032447
  y: 17.73935596573895
  z: 1687.0911484673304
  yaw: 21.99755
  pitch: -90.0
