timestamps:
  login: 1391873111665
  logout: 1391872769187
  lastteleport: 1391871493434
ipAddress: 192.168.1.202
lastlocation:
  world: world
  x: 1081.0993428706656
  y: 4.0
  z: 1586.9977374636871
  yaw: -304.77972
  pitch: 13.219196
logoutlocation:
  world: world
  x: 1060.0152687411617
  y: 14.239355967650148
  z: 1881.300000011921
  yaw: -296.5755
  pitch: -29.788733
afk: true
