timestamps:
  login: 1391875788244
  logout: 1391875965231
ipAddress: 192.168.1.72
lastlocation:
  world: world
  x: 1084.5
  y: 21.0
  z: 1714.5
  yaw: 0.0
  pitch: 0.0
logoutlocation:
  world: world
  x: 1004.8521172520205
  y: 20.354944161569744
  z: 1610.070372178727
  yaw: -131.03107
  pitch: 32.99994
