timestamps:
  login: 1391863636348
  logout: 1391863939455
  kits:
    color: 1391096934347
  lastteleport: 1391863775743
ipAddress: 192.168.1.33
lastlocation:
  world: world
  x: 1181.2493181844227
  y: 17.98935601251733
  z: 1753.8692931672858
  yaw: -276.25967
  pitch: 39.449924
logoutlocation:
  world: world
  x: 1148.992558479318
  y: 8.5
  z: 1706.3954081505572
  yaw: -243.55046
  pitch: 44.07481
afk: false
nickname: ยง2Runner
