timestamps:
  login: 1390410698018
  logout: 1390411329534
  lastteleport: 1389818445055
ipAddress: 217.211.159.126
lastlocation:
  world: world
  x: -97.5
  y: 71.0
  z: 238.5
  yaw: 0.0
  pitch: 0.0
logoutlocation:
  world: world
  x: 1064.6291803956674
  y: 4.0
  z: 1680.2958655824689
  yaw: 329.40125
  pitch: 65.40001
