timestamps:
  login: 1391876526004
  logout: 1391875729704
  lastteleport: 1391876530124
ipAddress: 192.168.1.196
lastlocation:
  world: world_nether
  x: 170.27689421137865
  y: 58.501049777353074
  z: 234.07650936210146
  yaw: 130.73755
  pitch: 29.700024
logoutlocation:
  world: world
  x: 1104.5985353608846
  y: 20.490562900331245
  z: 1711.6622962330812
  yaw: 304.41745
  pitch: 19.350143
afk: false
