timestamps:
  login: 1391873587759
  logout: 1391873618457
ipAddress: 192.168.1.229
lastlocation:
  world: world
  x: 1077.5
  y: 4.0
  z: 1702.5
  yaw: 0.0
  pitch: 0.0
logoutlocation:
  world: world
  x: 1169.394996169246
  y: 6.0
  z: 1871.2916959293514
  yaw: 116.994576
  pitch: 39.749996
