timestamps:
  login: 1391873924438
  logout: 1391873843822
ipAddress: 192.168.1.57
lastlocation:
  world: world
  x: 1079.5
  y: 21.0
  z: 1713.5
  yaw: 0.0
  pitch: 0.0
logoutlocation:
  world: world
  x: 1200.1947050441029
  y: 4.0
  z: 1629.689757862239
  yaw: -30.540527
  pitch: 55.216328
