timestamps:
  login: 1391866484350
  logout: 1391868080493
ipAddress: 192.168.1.202
lastlocation:
  world: world
  x: 1150.6762404002643
  y: 4.0
  z: 1706.7314228701002
  yaw: -265.88696
  pitch: 4.649907
logoutlocation:
  world: world
  x: 942.242950294149
  y: 16.605390599643318
  z: 1447.1051381361508
  yaw: 281.92236
  pitch: 36.30001
