timestamps:
  login: 1391863793086
  logout: 1391865846223
ipAddress: 192.168.1.203
lastlocation:
  world: world
  x: 1079.5
  y: 10.0
  z: 1719.5
  yaw: 0.0
  pitch: 0.0
logoutlocation:
  world: world
  x: 1055.9460809604036
  y: 4.0
  z: 1711.1266290507701
  yaw: -67.279236
  pitch: 36.75002
