timestamps:
  login: 1391606740294
  logout: 1391606936648
  lastteleport: 1391606789450
ipAddress: 213.114.21.78
logoutlocation:
  world: world
  x: 1044.626448244234
  y: 12.856439386718089
  z: 1735.7572720597586
  yaw: 62.317303
  pitch: 38.25015
godmode: false
nickname: MinerManc3X
lastlocation:
  world: world
  x: 45.681131319656885
  y: 92.16555212721714
  z: 1678.749463217724
  yaw: -74.63019
  pitch: 59.399635
afk: false
