timestamps:
  login: 1391870371593
  logout: 1391870468987
  lastteleport: 1391865964946
ipAddress: 192.168.1.169
logoutlocation:
  world: world
  x: 1067.9263785165758
  y: 4.0
  z: 1709.7410407564005
  yaw: 205.42273
  pitch: -3.4500058
godmode: false
nickname: MinerManc3X
lastlocation:
  world: world
  x: 1152.922980380509
  y: 22.847411710027078
  z: 1571.1312052570063
  yaw: 122.66568
  pitch: 9.724581
afk: false
