timestamps:
  login: 1391870477590
  logout: 1391870643650
ipAddress: 192.168.1.90
lastlocation:
  world: world
  x: 1087.5
  y: 12.0
  z: 1715.5
  yaw: 0.0
  pitch: 0.0
logoutlocation:
  world: world
  x: 1198.1945266063829
  y: 28.22937188271008
  z: 1478.2761508491058
  yaw: -47.556915
  pitch: 12.568248
