timestamps:
  login: 1391867303427
  logout: 1391869784400
  lastteleport: 1391868048202
ipAddress: 192.168.1.63
logoutlocation:
  world: world
  x: 773.0468625147596
  y: 5.0
  z: 1551.6241883358707
  yaw: -108.052185
  pitch: 20.699987
afk: false
lastlocation:
  world: world
  x: 1093.2816833908785
  y: 21.986295812306114
  z: 1784.7215346472128
  yaw: 274.43762
  pitch: 30.3
