timestamps:
  login: 1390245893466
  logout: 1390245938370
ipAddress: 94.254.94.224
logoutlocation:
  world: world
  x: 1090.699999988079
  y: 4.0
  z: 1709.4683611389103
  yaw: -65.69874
  pitch: 11.85002
