timestamps:
  login: 1391873208841
  logout: 1391872056685
ipAddress: 192.168.1.96
lastlocation:
  world: world
  x: 923.1925640337221
  y: 11.365553759203705
  z: 1910.4256954746324
  yaw: -177.06764
  pitch: 15.600047
logoutlocation:
  world: world
  x: 827.7318668657925
  y: 6.748487918219353
  z: 1963.4687159187656
  yaw: 172.92993
  pitch: 14.6999445
