timestamps:
  login: 1391873139069
  lastteleport: 1391873664189
ipAddress: 192.168.1.76
lastlocation:
  world: world
  x: 1372.0560144486146
  y: 71.02882134367731
  z: 1911.7952346514537
  yaw: -239.3377
  pitch: 35.699966
logoutlocation:
  world: world
  x: 894.2853296256334
  y: 63.78121232845057
  z: 1736.3857171597454
  yaw: -65.19929
  pitch: 75.3
