timestamps:
  login: 1391865913991
  logout: 1391870244398
ipAddress: 192.168.1.199
lastlocation:
  world: world
  x: 1079.5
  y: 10.0
  z: 1719.5
  yaw: 0.0
  pitch: 0.0
logoutlocation:
  world: world
  x: 1127.3176415585347
  y: 32.10857190923009
  z: 1661.498429154113
  yaw: 264.2116
  pitch: 33.149986
