timestamps:
  login: 1391874407066
  logout: 1391875675312
ipAddress: 192.168.1.163
logoutlocation:
  world: world
  x: 1515.301486026438
  y: 14.085335375477447
  z: 1536.239533956821
  yaw: 131.91962
  pitch: 11.099989
lastlocation:
  world: world
  x: 925.3549334286018
  y: 10.240559563720844
  z: 1920.4715016380144
  yaw: 190.8673
  pitch: 46.50001
afk: false
