timestamps:
  login: 1391094723684
  logout: 1391094884045
ipAddress: 81.232.28.216
logoutlocation:
  world: world
  x: 1079.617761787071
  y: 25.29055212721744
  z: 1705.8421400927016
  yaw: -198.789
  pitch: 68.39999
