timestamps:
  login: 1391873598949
  logout: 1391873486993
ipAddress: 192.168.1.138
lastlocation:
  world: world
  x: 924.1460283119247
  y: 5.0
  z: 1918.4360023045617
  yaw: 165.51726
  pitch: 24.599987
logoutlocation:
  world: world
  x: 1271.3940273141197
  y: 13.194017752403854
  z: 1382.7528960714199
  yaw: 150.51831
  pitch: -18.900028
