timestamps:
  login: 1391873112213
  lastteleport: 1391873940467
ipAddress: 192.168.1.87
lastlocation:
  world: world
  x: 985.1017024139778
  y: 28.09040366055673
  z: 1767.5094277026403
  yaw: 99.49873
  pitch: 20.68733
logoutlocation:
  world: world
  x: 1226.8794715703496
  y: 3.699999988079071
  z: 1765.3794715703496
  yaw: 83.25526
  pitch: 33.84796
