timestamps:
  login: 1391877004842
  logout: 1391877020231
  lastteleport: 1391877111436
ipAddress: 192.168.1.25
lastlocation:
  world: world
  x: 1581.8342238013477
  y: 9.764674623712748
  z: 1876.4800668968644
  yaw: 199.88788
  pitch: 12.299972
afk: false
logoutlocation:
  world: world
  x: 1029.6677936704702
  y: 18.949503864740414
  z: 1718.028496518295
  yaw: 118.4794
  pitch: 45.34673
