timestamps:
  login: 1391876977431
  logout: 1391876897731
ipAddress: 192.168.1.211
lastlocation:
  world: world
  x: 1133.5
  y: -102.87306583216383
  z: 1735.7289558402906
  yaw: 200.94563
  pitch: -76.64898
logoutlocation:
  world: world
  x: 1335.8449509299455
  y: 17.990519122113874
  z: 1801.8138544775534
  yaw: 18.122742
  pitch: 46.724293
