timestamps:
  login: 1391875842820
  logout: 1391876400231
  lastteleport: 1391864863030
ipAddress: 192.168.1.59
lastlocation:
  world: world
  x: 1069.57331078743
  y: 7.267386585912565
  z: 1562.759706929836
  yaw: -99.74478
  pitch: 40.4999
logoutlocation:
  world: world
  x: 1134.669867532366
  y: 6.0
  z: 1397.7866203756569
  yaw: -153.42268
  pitch: 43.50002
afk: false
