timestamps:
  login: 1391875041816
  lastteleport: 1391875439205
  logout: 1391875031716
ipAddress: 192.168.1.210
lastlocation:
  world: world
  x: 883.6559404727689
  y: 11.972125101266332
  z: 1692.5265748976738
  yaw: 243.36752
  pitch: 19.049978
logoutlocation:
  world: world
  x: 1212.459545901875
  y: 21.0
  z: 1602.4051333450132
  yaw: -159.7544
  pitch: 21.449934
afk: false
nickname: Ugglas
