timestamps:
  login: 1391864564246
  logout: 1391867448712
ipAddress: 192.168.1.103
lastlocation:
  world: world
  x: 1083.5
  y: 23.0
  z: 1713.5
  yaw: 0.0
  pitch: 0.0
logoutlocation:
  world: world
  x: 1089.2382596034483
  y: 8.0
  z: 1787.408465993501
  yaw: 216.66827
  pitch: 7.9499607
