timestamps:
  login: 1391864518482
  logout: 1391870610559
ipAddress: 192.168.1.100
lastlocation:
  world: world
  x: 1078.5
  y: 12.0
  z: 1716.5
  yaw: 0.0
  pitch: 0.0
logoutlocation:
  world: world
  x: 1178.9169986611287
  y: 4.292503103604117
  z: 1241.1935972730198
  yaw: -332.13818
  pitch: 79.65001
