timestamps:
  login: 1391871349622
  mute: 0
  logout: 1391871440001
  lastteleport: 1391871376273
ipAddress: 192.168.1.146
lastlocation:
  world: world_nether
  x: 171.23998545648493
  y: 48.45957668673753
  z: 243.43605633628033
  yaw: 72.81882
  pitch: 32.399986
muted: true
logoutlocation:
  world: world
  x: 1114.074655231384
  y: 51.56072834998094
  z: 1774.0888133862347
  yaw: 140.76749
  pitch: 33.75017
