timestamps:
  login: 1391870289492
  logout: 1391869363283
ipAddress: 192.168.1.109
lastlocation:
  world: world
  x: 1075.5
  y: 4.0
  z: 1707.5
  yaw: 0.0
  pitch: 0.0
logoutlocation:
  world: world
  x: 1085.349774769735
  y: 70.80630492175624
  z: 1494.8234981557332
  yaw: -141.52579
  pitch: 50.70003
