world: plotworld
x: -549.6631380068027
y: 84.9980031636802
z: 10.67469804092654
yaw: 31.950567
pitch: 66.749886
name: Lolipopen
