timestamps:
  login: 1391858787779
  logout: 1391859006153
ipAddress: 192.168.1.47
logoutlocation:
  world: world
  x: 619.5744027374982
  y: 63.0
  z: -109.93191470405779
  yaw: 181.04938
  pitch: 85.34995
lastlocation:
  world: world
  x: 619.5744027374982
  y: 63.0
  z: -109.93191470405779
  yaw: 181.1994
  pitch: 85.499954
