timestamps:
  login: 1391876494147
  logout: 1391876501543
ipAddress: 192.168.1.27
logoutlocation:
  world: world
  x: 209.81072426761116
  y: 70.0
  z: 70.58578798711521
  yaw: 166.95035
  pitch: 8.400003
