timestamps:
  login: 1391863664585
  logout: 1391864539689
ipAddress: 192.168.1.159
logoutlocation:
  world: world
  x: 396.65708238054003
  y: 72.0
  z: -12.4562606077297
  yaw: -334.24854
  pitch: 10.309997
afk: false
