timestamps:
  login: 1391870764976
  logout: 1391871111526
ipAddress: 192.168.1.225
logoutlocation:
  world: world
  x: -6.3552380456706326
  y: 67.0
  z: 302.2375000119209
  yaw: 72.298584
  pitch: 25.650003
lastlocation:
  world: world
  x: -6.3552380456706326
  y: 67.0
  z: 302.2375000119209
  yaw: 71.998535
  pitch: 25.650003
