timestamps:
  login: 1391860604897
  lastteleport: 1391861456965
  logout: 1391861569496
ipAddress: 192.168.1.67
logoutlocation:
  world: world
  x: 368.657638124346
  y: 71.0
  z: -118.89856696484904
  yaw: -249.8229
  pitch: -10.947231
