timestamps:
  login: 1391873090427
  logout: 1391873234027
ipAddress: 192.168.1.179
logoutlocation:
  world: world
  x: -116.43411952843947
  y: 66.0
  z: 64.23160457818896
  yaw: 55.650078
  pitch: -10.800011
