timestamps:
  login: 1391872906339
  logout: 1391872916526
ipAddress: 192.168.1.178
logoutlocation:
  world: world
  x: -150.46426267042807
  y: 69.0
  z: 175.7702427357588
  yaw: -112.34985
  pitch: 19.800009
