timestamps:
  login: 1391871145285
  logout: 1391871151526
ipAddress: 192.168.1.60
logoutlocation:
  world: world
  x: 177.62127675564648
  y: 64.0
  z: 53.276561236202845
  yaw: 41.84864
  pitch: 2.4000027
