timestamps:
  login: 1391868891135
  logout: 1391868926305
ipAddress: 192.168.1.194
logoutlocation:
  world: world
  x: -191.28868302855122
  y: 66.0
  z: 332.6736410264857
  yaw: 114.900085
  pitch: 17.550003
