timestamps:
  login: 1391864343836
  logout: 1391865063516
ipAddress: 192.168.1.220
logoutlocation:
  world: world
  x: -116.60397639878575
  y: 64.0
  z: 270.4736144102307
  yaw: 184.55765
  pitch: 56.812595
lastlocation:
  world: world
  x: 404.89275879231946
  y: 61.0
  z: 615.7007461082625
  yaw: 244.956
  pitch: -34.700798
