timestamps:
  login: 1391860305645
  logout: 1391860313045
ipAddress: 192.168.1.32
logoutlocation:
  world: world
  x: 199.5
  y: 67.0
  z: 84.5
  yaw: -98.85001
  pitch: -14.849986
