timestamps:
  login: 1391867203920
  logout: 1391867216119
ipAddress: 192.168.1.65
logoutlocation:
  world: world
  x: -119.64049208256996
  y: 64.0
  z: 262.30000001192093
  yaw: 157.95003
  pitch: 3.150002
