timestamps:
  login: 1391874568277
  logout: 1391874626526
ipAddress: 192.168.1.223
logoutlocation:
  world: world
  x: -181.30000001192093
  y: 48.0
  z: 330.30000001192093
  yaw: 92.85038
  pitch: -28.349995
lastlocation:
  world: world
  x: 156.71097339037806
  y: 21.0
  z: 69.30000001192093
  yaw: 214.04951
  pitch: 31.949997
