timestamps:
  login: 1391876030226
  logout: 1391876034026
ipAddress: 192.168.1.235
logoutlocation:
  world: world
  x: -120.5
  y: 64.0
  z: 271.5
  yaw: 96.00001
  pitch: 6.299999
