timestamps:
  login: 1391868891135
  logout: 1391871131526
ipAddress: 192.168.1.121
logoutlocation:
  world: world
  x: -1013.4994637734038
  y: 74.0
  z: -14.32544400474115
  yaw: -216.43274
  pitch: 24.623602
