timestamps:
  login: 1391870087876
  logout: 1391870796526
ipAddress: 192.168.1.78
logoutlocation:
  world: world
  x: 247.99316664520217
  y: 73.0
  z: 672.322208608491
  yaw: 42.578857
  pitch: 18.729551
