timestamps:
  login: 1391872877542
  logout: 1391873659026
ipAddress: 192.168.1.222
logoutlocation:
  world: world
  x: -231.93343893838374
  y: 69.0
  z: 451.34892519250127
  yaw: 27.600403
  pitch: 28.650005
lastlocation:
  world: world
  x: -180.34702844272172
  y: 56.0
  z: 331.6647828936544
  yaw: 188.55054
  pitch: 90.0
