timestamps:
  login: 1391861226147
  logout: 1391861301996
ipAddress: 192.168.1.26
logoutlocation:
  world: world
  x: 194.59521457068985
  y: 69.0
  z: 47.822432880597574
  yaw: -60.71231
  pitch: -3.3389843
