timestamps:
  login: 1391862622461
  logout: 1391862817085
ipAddress: 192.168.1.32
logoutlocation:
  world: world
  x: -117.8723880874834
  y: 64.0
  z: 268.51032898213305
  yaw: 216.30005
  pitch: 37.800003
lastlocation:
  world: world
  x: -117.8723880874834
  y: 64.0
  z: 268.51032898213305
  yaw: 216.30005
  pitch: 37.800003
