timestamps:
  login: 1391867754656
  logout: 1391867761305
ipAddress: 192.168.1.45
logoutlocation:
  world: world
  x: -129.11918550108217
  y: 64.0
  z: 270.59160389382566
  yaw: 102.45415
  pitch: 15.383506
