timestamps:
  login: 1391874188276
  logout: 1391874204026
ipAddress: 192.168.1.164
logoutlocation:
  world: world
  x: -329.9958840265893
  y: 66.0
  z: 208.99540247388725
  yaw: 31.799465
  pitch: 3.0000148
