timestamps:
  login: 1391858539703
  logout: 1391858558653
ipAddress: 192.168.1.52
logoutlocation:
  world: world
  x: 200.03072290526273
  y: 70.0
  z: 50.066482246371216
  yaw: -296.39993
  pitch: 12.2999935
