timestamps:
  login: 1391864765410
  logout: 1391865133515
ipAddress: 192.168.1.93
logoutlocation:
  world: world
  x: 45.507260786419586
  y: 68.0
  z: 251.90050161236348
  yaw: 3.0716996
  pitch: 55.593594
