timestamps:
  login: 1391870837141
  logout: 1391870859026
ipAddress: 192.168.1.181
logoutlocation:
  world: world
  x: -125.91916386451533
  y: 69.0
  z: 145.35975068705116
  yaw: 205.65009
  pitch: 20.849983
