timestamps:
  login: 1391872005576
  logout: 1391872811526
ipAddress: 192.168.1.41
logoutlocation:
  world: world
  x: 158.432413736339
  y: 40.0
  z: 9.822425311390418
  yaw: 176.69885
  pitch: 43.19997
