timestamps:
  login: 1391874076777
  logout: 1391874159026
ipAddress: 192.168.1.202
logoutlocation:
  world: world
  x: 367.35331205813975
  y: 68.0
  z: 61.07499998807907
  yaw: -8.024278
  pitch: 47.01124
