timestamps:
  login: 1391872946926
  logout: 1391873119026
ipAddress: 192.168.1.193
logoutlocation:
  world: world
  x: 380.402633790213
  y: 89.0
  z: 54.77102619051803
  yaw: -171.15155
  pitch: -2.0999804
