timestamps:
  login: 1391860107194
  logout: 1391860123044
ipAddress: 192.168.1.49
logoutlocation:
  world: world
  x: 180.69999998807907
  y: 68.0
  z: 43.83666386566388
  yaw: -60.41159
  pitch: -1.961958
