timestamps:
  login: 1391864332687
  lastteleport: 1391864947422
  logout: 1391864993515
ipAddress: 192.168.1.141
lastlocation:
  world: world
  x: -116.60397639878575
  y: 64.0
  z: 270.4736144102307
  yaw: 251.25002
  pitch: 24.3
logoutlocation:
  world: world
  x: 405.7806451677544
  y: 63.0
  z: 613.9798104056528
  yaw: 56.271027
  pitch: 69.92982
