timestamps:
  login: 1391873850326
  logout: 1391873864026
ipAddress: 192.168.1.229
logoutlocation:
  world: world
  x: 44.30000001192092
  y: 68.0
  z: 249.69999998807907
  yaw: 28.649992
  pitch: 33.299995
lastlocation:
  world: world
  x: -155.73886201306436
  y: 67.0
  z: 215.2375000119209
  yaw: 184.49988
  pitch: 27.000053
