timestamps:
  login: 1391863065834
  logout: 1391863442084
ipAddress: 192.168.1.209
logoutlocation:
  world: world
  x: 208.95588967862446
  y: 67.0
  z: 58.681034339187704
  yaw: 262.65027
  pitch: 71.399994
