timestamps:
  login: 1391870493526
  logout: 1391870696526
ipAddress: 192.168.1.97
lastlocation:
  world: world
  x: 112.3000000119209
  y: 64.52015623435378
  z: 61.05121486607036
  yaw: 143.24146
  pitch: -51.299732
logoutlocation:
  world: world
  x: 47.513862506058366
  y: 67.0
  z: 253.7340341599893
  yaw: 313.95132
  pitch: 9.150022
