timestamps:
  login: 1391866390769
  logout: 1391866476119
ipAddress: 192.168.1.202
logoutlocation:
  world: world
  x: 38.669042526528365
  y: 67.0
  z: 262.01738097753173
  yaw: 39.899708
  pitch: 20.100004
