timestamps:
  login: 1391874082134
  lastteleport: 1391864607036
  logout: 1391874106526
ipAddress: 192.168.1.207
lastlocation:
  world: world
  x: 550.4519671211804
  y: 61.0
  z: -160.64434157091412
  yaw: -232.02466
  pitch: 52.44819
logoutlocation:
  world: world
  x: -34.745961548182834
  y: 64.0
  z: 309.9876011138636
  yaw: -101.191284
  pitch: 3.5647929
