timestamps:
  login: 1391864925176
  logout: 1391864946016
ipAddress: 192.168.1.216
logoutlocation:
  world: world
  x: 122.86850843575023
  y: 64.0
  z: 19.03097452539273
  yaw: -59.69958
  pitch: 8.999985
