timestamps:
  login: 1391864082685
  logout: 1391864094584
ipAddress: 192.168.1.46
logoutlocation:
  world: world
  x: -135.36560912430002
  y: 67.0
  z: 257.02818527702556
  yaw: 89.10019
  pitch: 13.349993
