timestamps:
  login: 1391874306082
  logout: 1391874349026
ipAddress: 192.168.1.160
logoutlocation:
  world: world
  x: 260.29767173699554
  y: 72.0
  z: 305.3185522086567
  yaw: 280.94992
  pitch: 18.899994
