timestamps:
  login: 1391866266070
  logout: 1391866276120
ipAddress: 192.168.1.210
logoutlocation:
  world: world
  x: 36.675421549007304
  y: 67.0
  z: 246.30000001192096
  yaw: -278.55002
  pitch: -10.799924
