timestamps:
  login: 1391869654276
  logout: 1391869884026
ipAddress: 192.168.1.61
logoutlocation:
  world: world
  x: -318.8086494605211
  y: 66.0
  z: 125.27208348102982
  yaw: -92.25008
  pitch: 25.499996
