timestamps:
  login: 1391859995250
  logout: 1391860015544
ipAddress: 192.168.1.19
logoutlocation:
  world: world
  x: 202.5
  y: 63.0
  z: 91.5
  yaw: 130.50002
  pitch: -1.4999998
