timestamps:
  login: 1391865682420
  logout: 1391865841119
ipAddress: 192.168.1.70
logoutlocation:
  world: world
  x: 184.43276240735563
  y: 64.0
  z: 64.33190061767425
  yaw: -16.335144
  pitch: -0.4296051
