timestamps:
  login: 1391862840334
  logout: 1391863497084
ipAddress: 192.168.1.114
lastlocation:
  world: world
  x: -117.8723880874834
  y: 64.0
  z: 268.51032898213305
  yaw: 217.05005
  pitch: 35.850002
logoutlocation:
  world: world
  x: -117.8723880874834
  y: 64.0
  z: 268.51032898213305
  yaw: 217.05005
  pitch: 35.850002
