timestamps:
  login: 1391873065077
  logout: 1391873124026
ipAddress: 192.168.1.22
logoutlocation:
  world: world
  x: -181.155243357254
  y: 65.0
  z: 329.94638978736475
  yaw: -208.97314
  pitch: -17.817614
