timestamps:
  login: 1391863770134
  logout: 1391863827084
ipAddress: 192.168.1.199
logoutlocation:
  world: world
  x: -212.64080057040218
  y: 66.0
  z: 384.6498148676942
  yaw: -303.7502
  pitch: 12.899993
