timestamps:
  login: 1391872556491
  logout: 1391872624026
ipAddress: 192.168.1.138
logoutlocation:
  world: world
  x: 32.25721840653818
  y: 67.0
  z: 252.36036334990456
  yaw: -154.34996
  pitch: 15.150008
