timestamps:
  login: 1391871312227
  logout: 1391871616526
ipAddress: 192.168.1.154
logoutlocation:
  world: world
  x: -180.87477756564107
  y: 56.0
  z: 331.6424391814422
  yaw: 284.84998
  pitch: 23.999949
