timestamps:
  login: 1391877690526
  logout: 1391877726526
ipAddress: 192.168.1.31
logoutlocation:
  world: world
  x: -6.784891315464618
  y: 71.0
  z: 369.9135642860976
  yaw: -32.25
  pitch: 15.900009
