timestamps:
  login: 1391861523247
  logout: 1391862186996
  kits:
    tools: 1391861558451
ipAddress: 192.168.1.87
logoutlocation:
  world: world
  x: 174.6940020552138
  y: 56.0
  z: 38.05913970846511
  yaw: -355.46933
  pitch: -27.121311
