timestamps:
  login: 1391877578496
  logout: 1391877586526
  lastteleport: 1390062978692
ipAddress: 192.168.1.25
lastlocation:
  world: world
  x: -122.66206622606545
  y: 101.86435618333834
  z: 264.4840592916397
  yaw: 211.95003
  pitch: 49.19999
logoutlocation:
  world: world
  x: 178.09617576790112
  y: 64.0
  z: 52.32871051620874
  yaw: 60.149925
  pitch: 33.149994
