timestamps:
  login: 1391864247384
  logout: 1391864524636
ipAddress: 192.168.1.211
logoutlocation:
  world: world
  x: 14.170850730481716
  y: 70.0
  z: 252.56118085299414
  yaw: 152.76978
  pitch: 47.6493
