timestamps:
  login: 1391859735145
  logout: 1391859740544
ipAddress: 192.168.1.59
logoutlocation:
  world: world
  x: 226.03204002821062
  y: 65.0
  z: 33.276279195730226
  yaw: -324.1502
  pitch: 1.1999924
