timestamps:
  login: 1391862529261
  logout: 1391862889584
ipAddress: 192.168.1.186
logoutlocation:
  world: world
  x: 445.34384655440755
  y: 48.0
  z: -114.69999998807907
  yaw: -57.902283
  pitch: -7.349404
