timestamps:
  login: 1391862615362
  logout: 1391862697061
ipAddress: 192.168.1.81
logoutlocation:
  world: world
  x: 255.16208744951092
  y: 69.0
  z: 76.41806326824702
  yaw: 95.39891
  pitch: 73.499985
