timestamps:
  login: 1391872869473
  logout: 1391873659026
ipAddress: 192.168.1.192
logoutlocation:
  world: world
  x: -232.3893002584291
  y: 64.0
  z: 462.33780341780727
  yaw: -24.150024
  pitch: 11.700014
