timestamps:
  login: 1391873752726
  logout: 1391874156527
ipAddress: 192.168.1.20
logoutlocation:
  world: world
  x: -331.69999998807907
  y: 41.0
  z: 200.51798023978415
  yaw: 88.79978
  pitch: 59.39998
