timestamps:
  login: 1391874074419
  logout: 1391874089027
ipAddress: 192.168.1.80
logoutlocation:
  world: world
  x: 174.30000001192093
  y: 61.0
  z: 43.69999998807907
  yaw: 192.75009
  pitch: 38.550034
