timestamps:
  login: 1391864383141
  logout: 1391864790410
ipAddress: 192.168.1.161
logoutlocation:
  world: world
  x: -188.7276802938834
  y: 60.0
  z: 349.4621997155769
  yaw: 140.10036
  pitch: 8.54999
