timestamps:
  login: 1391872851113
  logout: 1391872951526
ipAddress: 192.168.1.109
logoutlocation:
  world: world
  x: -108.81623527549796
  y: 65.0
  z: 268.6771865722211
  yaw: 70.94976
  pitch: 8.400004
lastlocation:
  world: world
  x: -239.76249998807913
  y: 84.0
  z: 105.47697628859387
  yaw: -275.25043
  pitch: 28.499937
